84
969
972
973
974
1056
1190
1230
1231
1235
1256
1261
1275
1300
1305
1319
1341
1345
1358
1372
1383
1384
1385
1444
1445
1447
1490
1492
1502
1520
1540
1541
1543
1554
1566
1592
1611
1618
1619
1623
1624
1626
1637
1639
1659
1660
1686
1693
1697
1698
1700
1707
1711
1712
1714
1715
1716
1726
1733
1739
1743
1744
1747
1748
1749
1752
1753
1757
1761
1770
1772
1774
1775
1783
1785
1787
1788
1789
1790
1791
1792
1798
1806
1808
1813
1814
1819
1829
1831
1845
1846
1857
1860
1861
1888
1894
1898
1900
1910
1916
1920
1921
1929
1930
1942
1946
1947
1952
1954
1955
1956
1957
1967
1969
2004
2005
2016
2018
2020
2057
2058
2077
2078
2089
2091
2093
2146
2147
2152
2156
2160
2161
2163
2170
2171
2175
2176
2217
2232
2234
2254
2261
2262
2271
2273
2288
2289
2310
2336
2351
2352
2362
2371
2372
2381
2382
2401
2418
2423
2435
2443
2444
2450
2455
2456
2459
2460
2461
2462
2477
2483
2485
2499
2505
2506
2507
2511
2535
2536
2537
2538
2539
2540
2541
2542
2570
2572
2573
2584
2589
2591
2596
2599
2600
2609
2610
2613
2636
2637
2647
2657
2696
2698
2705
2720
2733
2734
2737
2744
2745
2746
2747
2761
2763
2770
2775
2779
2786
2787
2788
2789
2790
2792
2809
2811
2820
2824
2828
2832
2839
2841
2859
2860
2871
2883
2885
2920
2921
2922
2933
2935
2937
2976
2977
2996
2999
3001
3003
3005
3006
3007
3018
3020
3022
3075
3076
3089
3096
3107
3109
3111
3138
3139
3150
3152
3155
3157
3159
3161
3162
3163
3180
3187
3195
3204
3205
3208
3209
3210
3215
3216
3217
3218
3220
3221
3222
3248
3253
3260
3264
3265
3275
3288
3292
3293
3294
3301
3302
3306
3307
3308
3309
3324
3329
3331
3332
3342
3349
3350
3372
3373
3390
3391
3393
3414
3416
3422
3431
3432
3433
3456
3457
3474
3475
3476
3482
3502
3511
3512
3513
3521
3523
3524
3525
3526
3547
3562
3564
3570
3578
3579
3586
3588
3594
3595
3597
3603
3611
3615
3616
3618
3619
3620
3621
3623
3625
3628
3630
3632
3633
3656
3658
3669
3684
3691
3692
3694
3704
3721
3723
3732
3739
3740
3741
3745
3751
3759
3760
3766
3767
3781
3782
3792
3799
3805
3815
3816
3818
3819
3823
3825
3827
3862
3869
3870
3871
3924
3925
3926
3927
3930
3933
3937
3939
3941
3942
3946
3950
3951
3952
3958
3959
3960
3966
3967
4022
4028
4034
4049
4083
4084
4118
4119
4129
4131
4133
4149
4150
4152
4154
4158
4169
4170
4171
4176
4177
4178
4179
4180
4181
4192
4193
4195
4198
4199
4200
4201
4208
4209
4211
4212
4213
4218
4222
4224
4228
4229
4250
4251
4256
4258
4259
4276
4281
4282
4287
4292
4293
4294
4295
4297
4298
4303
4305
4306
4327
4328
4333
4335
4336
4342
4344
4346
4350
4355
4360
4362
4364
4368
4373
4376
4379
4381
4383
4384
4385
4386
4387
4391
4396
4397
4398
4403
4405
4406
4415
4417
4419
4420
4422
4435
4437
4438
4455
4482
4484
4486
4493
4506
4514
4516
4523
4525
4531
4539
4540
4546
4547
4549
4555
4561
4569
4570
4571
4572
4578
4580
4587
4588
4594
4595
4605
4606
4608
4609
4611
4613
4614
4620
4621
4636
4642
4645
4646
4648
4650
4652
4653
4654
4660
4661
4667
4669
4674
4676
4677
4679
4684
