82
964
971
972
973
1054
1183
1185
1186
1187
1191
1234
1253
1254
1262
1297
1298
1306
1335
1336
1350
1352
1353
1354
1355
1360
1361
1373
1388
1435
1451
1496
1511
1512
1513
1523
1531
1551
1555
1570
1587
1588
1590
1605
1607
1608
1609
1612
1620
1632
1633
1634
1640
1682
1683
1687
1689
1690
1691
1694
1703
1704
1705
1708
1722
1732
1733
1734
1735
1736
1737
1740
1745
1746
1747
1748
1750
1755
1756
1757
1762
1763
1767
1769
1770
1776
1780
1782
1783
1798
1804
1805
1806
1811
1819
1824
1825
1826
1832
1852
1853
1854
1858
1867
1883
1885
1889
1896
1912
1913
1917
1923
1938
1939
1940
1943
1948
1949
1953
1954
1963
1964
1965
1971
2011
2012
2013
2014
2022
2051
2053
2084
2085
2086
2087
2095
2151
2152
2153
2154
2157
2213
2214
2215
2219
2236
2238
2239
2256
2265
2267
2268
2269
2274
2299
2314
2331
2332
2334
2350
2351
2352
2354
2355
2356
2364
2397
2417
2418
2420
2422
2423
2437
2446
2447
2452
2458
2459
2460
2476
2477
2479
2480
2481
2487
2488
2493
2494
2500
2509
2510
2511
2534
2535
2536
2565
2566
2567
2568
2575
2583
2584
2586
2587
2593
2594
2597
2602
2615
2643
2653
2692
2693
2694
2700
2701
2707
2708
2721
2736
2737
2738
2756
2757
2758
2759
2772
2774
2775
2776
2777
2780
2782
2784
2794
2808
2809
2819
2820
2827
2828
2838
2839
2867
2878
2879
2880
2881
2887
2928
2929
2930
2931
2939
2970
2972
2997
2998
2999
3002
3003
3013
3014
3015
3016
3024
3085
3087
3102
3103
3104
3105
3113
3145
3146
3147
3148
3153
3154
3155
3158
3159
3165
3183
3184
3189
3191
3192
3193
3196
3206
3207
3208
3209
3211
3212
3247
3248
3250
3251
3254
3255
3267
3268
3277
3289
3313
3315
3320
3326
3328
3329
3334
3335
3344
3345
3352
3375
3409
3410
3411
3418
3419
3420
3424
3425
3426
3428
3435
3451
3453
3478
3479
3483
3499
3515
3517
3518
3519
3522
3523
3524
3527
3528
3531
3549
3566
3567
3571
3582
3583
3599
3600
3606
3608
3609
3610
3611
3612
3617
3618
3619
3627
3628
3652
3653
3660
3661
3680
3681
3685
3696
3711
3713
3716
3717
3718
3724
3732
3733
3743
3747
3748
3749
3752
3754
3759
3762
3763
3783
3795
3796
3800
3802
3803
3822
3823
3858
3859
3860
3863
3865
3872
3922
3923
3924
3925
3926
3929
3930
3933
3934
3936
3937
3945
3946
3950
3951
3952
3958
3959
3960
3964
4022
4028
4034
4044
4081
4121
4123
4124
4125
4126
4127
4135
4144
4146
4147
4149
4160
4161
4162
4164
4171
4172
4174
4184
4185
4186
4187
4188
4189
4197
4198
4199
4200
4203
4204
4205
4215
4216
4217
4218
4223
4224
4254
4255
4256
4258
4261
4263
4272
4273
4277
4278
4284
4288
4289
4301
4302
4303
4305
4308
4331
4332
4333
4335
4338
4339
4340
4341
4342
4350
4357
4358
4359
4360
4368
4375
4376
4377
4378
4379
4382
4383
4384
4385
4391
4401
4402
4403
4405
4408
4410
4412
4414
4415
4425
4439
4477
4478
4479
4480
4494
4498
4499
4504
4512
4531
4535
4536
4538
4539
4540
4542
4543
4547
4551
4552
4557
4558
4562
4575
4576
4578
4582
4591
4592
4594
4597
4599
4600
4602
4607
4608
4617
4618
4620
4627
4629
4630
4631
4638
4640
4643
4644
4645
4657
4658
4660
4663
4665
4666
4667
4670
4671
4681
